1797.000 0.425 0.548 0.936 -50.000
1798.000 0.488 0.534 0.917 -50.000
1799.000 0.487 0.545 0.946 -50.000
1800.000 0.474 0.513 0.884 -50.000
1801.000 0.482 0.499 0.857 -50.000
1802.000 0.402 0.518 0.890 -50.000
1803.000 0.158 0.512 0.872 -50.000
1804.000 0.203 0.507 0.873 -50.000
1805.000 0.222 0.544 0.957 -50.000
1806.000 0.231 0.541 0.921 -50.000
1807.000 0.259 0.522 0.880 -50.000
1808.000 0.259 0.533 0.924 -50.000
1809.000 0.528 0.503 0.812 -50.000
1810.000 0.531 0.508 0.815 -50.000
1811.000 0.505 0.495 0.819 -50.000
1812.000 0.659 0.509 0.851 -50.000
1813.000 0.604 0.557 0.926 -50.000
1814.000 0.573 0.562 0.932 -50.000
1815.000 0.702 0.529 0.867 -50.000
1816.000 0.819 0.540 0.910 -50.000
1817.000 0.826 0.561 0.961 -50.000
1818.000 0.711 0.610 1.103 -50.000
1819.000 0.829 0.604 1.052 -50.000
1820.000 0.839 0.590 1.033 -50.000
1821.000 0.775 0.538 0.933 -50.000
1822.000 0.847 0.611 1.033 -50.000
1823.000 0.617 0.568 1.006 -50.000
1824.000 0.616 0.554 1.002 -50.000
1825.000 0.941 0.607 1.039 -50.000
1826.000 0.948 0.558 0.989 -50.000
1827.000 1.029 0.582 0.999 1.029
1828.000 0.990 0.528 0.909 0.990
1829.000 0.866 0.524 0.890 -50.000
1830.000 0.669 0.558 0.947 -50.000
1831.000 0.629 0.652 1.124 -50.000
1832.000 0.542 0.679 1.169 -50.000
1833.000 0.694 0.660 1.108 -50.000
1834.000 0.963 0.621 1.080 -50.000
1835.000 0.885 0.570 0.966 -50.000
1836.000 0.860 0.564 0.963 -50.000
1837.000 0.852 0.594 1.010 -50.000
1838.000 0.777 0.588 1.031 -50.000
1839.000 0.829 0.584 1.006 -50.000
1840.000 0.928 0.550 0.960 -50.000
1841.000 0.991 0.554 0.937 0.991
1842.000 0.988 0.562 0.961 0.988
1843.000 0.974 0.545 0.907 0.974
1844.000 0.986 0.559 0.925 0.986
1845.000 1.162 0.567 0.957 1.162
1846.000 1.147 0.570 0.965 1.147
1847.000 1.080 0.500 0.816 1.080
1848.000 0.794 0.496 0.813 -50.000
1849.000 0.703 0.486 0.834 -50.000
1850.000 0.688 0.490 0.815 -50.000
1851.000 0.605 0.495 0.809 -50.000
1852.000 0.622 0.453 0.745 -50.000
1853.000 0.632 0.469 0.769 -50.000
1854.000 0.684 0.465 0.770 -50.000
1855.000 0.691 0.478 0.770 -50.000
1856.000 0.689 0.458 0.754 -50.000
1857.000 0.581 0.419 0.700 -50.000
1858.000 0.452 0.416 0.690 -50.000
1859.000 0.494 0.465 0.772 -50.000
1860.000 0.447 0.445 0.730 -50.000
1861.000 0.486 0.384 0.646 -50.000
1862.000 0.447 0.391 0.686 -50.000
1863.000 0.305 0.459 0.808 -50.000
1864.000 0.486 0.409 0.706 -50.000
1865.000 0.536 0.399 0.688 -50.000
1866.000 0.488 0.371 0.652 -50.000
1867.000 0.516 0.329 0.556 -50.000
1868.000 0.570 0.324 0.551 0.570
1869.000 0.489 0.412 0.740 -50.000
1870.000 0.498 0.393 0.684 -50.000
1871.000 0.497 0.374 0.666 -50.000
1872.000 0.473 0.391 0.659 -50.000
1873.000 0.433 0.387 0.632 -50.000
1874.000 0.403 0.399 0.658 -50.000
1875.000 0.289 0.400 0.656 -50.000
1876.000 0.413 0.414 0.690 -50.000
1877.000 0.527 0.434 0.712 -50.000
1878.000 0.619 0.459 0.746 -50.000
1879.000 0.670 0.487 0.805 -50.000
1880.000 0.708 0.413 0.682 0.708
1881.000 0.646 0.421 0.669 -50.000
1882.000 0.814 0.406 0.663 0.814
1883.000 0.644 0.410 0.662 -50.000
1884.000 0.631 0.417 0.678 -50.000
1885.000 0.616 0.423 0.688 -50.000
1886.000 0.640 0.390 0.642 -50.000
1887.000 0.669 0.412 0.665 0.669
1888.000 0.681 0.407 0.682 -50.000
1889.000 0.588 0.391 0.641 -50.000
1890.000 0.466 0.427 0.706 -50.000
1891.000 0.489 0.450 0.710 -50.000
1892.000 0.631 0.445 0.720 -50.000
1893.000 0.672 0.443 0.713 -50.000
1894.000 0.676 0.445 0.753 -50.000
1895.000 0.782 0.463 0.741 0.782
1896.000 0.780 0.424 0.706 0.780
1897.000 0.829 0.429 0.697 0.829
1898.000 0.522 0.484 0.776 -50.000
1899.000 0.481 0.480 0.779 -50.000
1900.000 0.472 0.501 0.813 -50.000
1901.000 0.492 0.468 0.762 -50.000
1902.000 0.528 0.466 0.772 -50.000
1903.000 0.504 0.434 0.714 -50.000
1904.000 0.567 0.462 0.740 -50.000
1905.000 0.482 0.456 0.746 -50.000
1906.000 0.439 0.471 0.759 -50.000
1907.000 0.371 0.490 0.795 -50.000
1908.000 0.367 0.482 0.777 -50.000
1909.000 0.398 0.490 0.814 -50.000
1910.000 0.537 0.485 0.780 -50.000
1911.000 0.635 0.457 0.755 -50.000
1912.000 0.664 0.424 0.687 -50.000
1913.000 0.648 0.413 0.664 -50.000
1914.000 0.628 0.409 0.663 -50.000
1915.000 0.586 0.402 0.652 -50.000
1916.000 0.543 0.382 0.632 -50.000
1917.000 0.421 0.399 0.656 -50.000
1918.000 0.407 0.408 0.675 -50.000
1919.000 0.380 0.418 0.697 -50.000
1920.000 0.353 0.449 0.761 -50.000
1921.000 0.446 0.424 0.726 -50.000
1922.000 0.575 0.423 0.714 -50.000
1923.000 0.685 0.430 0.709 -50.000
1924.000 0.686 0.431 0.730 -50.000
1925.000 0.785 0.459 0.726 0.785
1926.000 0.698 0.456 0.731 -50.000
1927.000 0.658 0.458 0.734 -50.000
1928.000 0.723 0.447 0.745 -50.000
1929.000 0.745 0.451 0.728 0.745
1930.000 0.800 0.451 0.721 0.800
1931.000 0.624 0.443 0.712 -50.000
1932.000 0.782 0.441 0.720 0.782
1933.000 0.766 0.469 0.757 0.766
1934.000 0.722 0.503 0.814 -50.000
1935.000 0.893 0.474 0.770 0.893
1936.000 0.897 0.449 0.707 0.897
1937.000 0.885 0.452 0.714 0.885
1938.000 0.859 0.453 0.731 0.859
1939.000 0.757 0.470 0.740 0.757
1940.000 0.756 0.430 0.710 0.756
1941.000 0.759 0.476 0.771 -50.000
1942.000 0.843 0.459 0.740 0.843
1943.000 0.923 0.458 0.739 0.923
1944.000 0.932 0.468 0.771 0.932
1945.000 0.864 0.429 0.700 0.864
1946.000 0.860 0.449 0.726 0.860
1947.000 0.933 0.445 0.736 0.933
1948.000 1.050 0.517 0.795 1.050
1949.000 1.086 0.510 0.832 1.086
1950.000 1.116 0.501 0.803 1.116
1951.000 1.166 0.487 0.805 1.166
1952.000 1.092 0.630 1.023 1.092
1953.000 1.095 0.642 1.069 1.095
1954.000 1.102 0.631 1.051 1.102
1955.000 1.167 0.575 0.959 1.167
1956.000 1.267 0.524 0.868 1.267
1957.000 1.280 0.534 0.912 1.280
1958.000 1.283 0.549 0.934 1.283
1959.000 1.037 0.555 0.932 1.037
1960.000 0.818 0.517 0.879 -50.000
1961.000 0.782 0.522 0.882 -50.000
1962.000 0.801 0.491 0.842 -50.000
1963.000 0.852 0.493 0.842 0.852
1964.000 0.845 0.476 0.826 0.845
1965.000 0.848 0.481 0.821 0.848
1966.000 0.726 0.510 0.844 -50.000
1967.000 0.754 0.576 0.969 -50.000
1968.000 0.761 0.582 0.965 -50.000
1969.000 0.843 0.568 0.953 -50.000
1970.000 0.906 0.551 0.919 -50.000
1971.000 0.943 0.569 0.939 0.943
1972.000 0.952 0.578 0.940 0.952
1973.000 0.904 0.569 0.947 -50.000
1974.000 0.842 0.561 0.943 -50.000
1975.000 0.855 0.529 0.867 -50.000
1976.000 0.885 0.527 0.866 0.885
1977.000 0.912 0.526 0.902 0.912
1978.000 0.880 0.506 0.839 0.880
1979.000 0.792 0.464 0.785 0.792
1980.000 0.740 0.448 0.744 -50.000
1981.000 0.698 0.432 0.732 -50.000
1982.000 0.702 0.453 0.773 -50.000
1983.000 0.667 0.458 0.749 -50.000
1984.000 0.582 0.488 0.804 -50.000
1985.000 0.745 0.492 0.817 -50.000
1986.000 0.800 0.499 0.834 -50.000
1987.000 0.836 0.477 0.815 0.836
1988.000 0.689 0.478 0.808 -50.000
1989.000 0.689 0.453 0.781 -50.000
1990.000 0.707 0.472 0.795 -50.000
1991.000 0.709 0.570 0.900 -50.000
